50
6 2 13
6 0 5 8 3 2 
1 4 
755
2 1 14
0 6 
4 
706
1 3 10
2 
1 2 3 
217
8 4 19
3 1 9 0 4 8 6 5 
1 4 2 3 
250
5 3 13
6 8 4 0 5 
2 1 4 
527
8 2 5
8 1 0 9 7 6 5 4 
2 3 
717
5 4 18
7 6 5 9 0 
2 4 1 3 
144
8 4 9
5 6 3 4 7 9 0 1 
1 4 3 2 
587
10 1 15
9 2 8 4 1 5 6 0 3 7 
4 
842
10 2 12
9 3 7 4 8 2 5 1 6 0 
2 4 
239
7 4 17
2 1 5 3 8 0 7 
2 1 3 4 
892
2 3 17
2 8 
3 1 2 
155
2 1 7
7 5 
3 
337
7 1 7
0 8 5 6 7 9 4 
2 
168
3 3 9
8 0 9 
1 4 3 
407
7 3 6
1 6 9 3 8 5 4 
3 2 1 
623
4 3 9
2 7 1 4 
3 2 1 
883
5 2 11
1 6 9 3 5 
3 4 
28
5 1 18
1 6 5 8 9 
3 
890
10 2 16
1 3 0 9 7 6 5 8 2 4 
4 2 
707
4 2 5
5 3 1 6 
2 3 
993
6 4 8
2 6 4 3 5 7 
1 3 4 2 
847
10 4 4
7 1 2 0 5 8 4 9 3 6 
3 1 2 4 
940
1 2 9
6 
2 4 
872
8 2 19
9 5 7 0 1 3 4 2 
2 3 
28
7 3 11
9 7 1 5 8 3 6 
4 1 3 
452
2 1 16
2 9 
2 
903
10 4 11
1 2 5 9 4 0 6 3 7 8 
2 4 1 3 
608
7 3 9
8 0 6 1 9 3 7 
1 2 4 
429
4 4 10
7 8 6 2 
3 4 1 2 
532
8 3 16
3 5 4 7 6 1 8 0 
1 3 4 
112
4 2 20
2 7 0 9 
1 3 
799
7 1 8
3 2 0 6 4 8 1 
3 
638
3 2 16
9 0 6 
2 1 
475
2 1 8
3 5 
1 
888
6 3 11
3 7 0 4 6 1 
2 3 4 
690
4 2 9
1 4 0 3 
2 1 
442
3 4 12
9 5 8 
4 3 1 2 
557
1 2 6
7 
2 4 
811
1 3 19
6 
3 4 1 
869
3 4 15
5 4 2 
2 3 4 1 
847
2 1 11
5 2 
4 
776
5 3 4
1 5 7 8 9 
1 2 3 
448
4 1 5
0 1 4 5 
4 
488
4 4 7
7 8 5 3 
3 2 1 4 
316
9 4 13
4 6 8 1 7 0 9 2 3 
4 3 2 1 
997
8 3 19
9 7 3 5 0 6 4 8 
2 4 1 
886
5 3 16
7 8 2 3 5 
1 3 4 
314
1 3 15
9 
2 4 3 
917
3 4 16
9 4 6 
1 4 2 3 
597
