7
4
2 1 2
4 1 3
8 1 4
5
1 1 2
2 2 3
3 3 4
4 4 5
9
1 2 7
1 6 7
1 7 5
1 5 9
1 5 1
1 1 4
1 4 3
1 4 8
12
100 1 2
1000 2 3
100 1 4
1000 4 5
1 1 6
10 7 6
10 8 6
10 8 9
10 9 10
100 10 11
100 12 10
8
15 1 2
20 2 3
10 3 4
10 4 5
10 3 7
50 6 7
100 7 8
9
100 1 2
1000 2 3
1 2 4
100 4 5
101 5 6
1 6 7
100 7 8
1000 7 9
18
1 1 2
2 2 3
3 4 2
4 3 5
5 5 6
6 6 7
7 7 8
8 8 9
9 9 10
10 10 11
11 11 12
12 12 13
13 13 14
14 14 15
15 16 15
16 15 17
17 17 18
